cam_joint_pos:
x: 0.000945629311006
y: 1.53917077528
z: 0.0518600825981
roll: 0.0177345940415
pitch: -0.00351424960058
yaw: 1.5688910287