cam_joint_pos:
x: 0.96907588486
y: 1.49142904036
z: 0.0534683062689
roll: -0.0444023302148
pitch: -0.0115647097503
yaw: -0.0360831174785