cam_joint_pos:
x: 0.00183238067003
y: 1.46122609297
z: 0.0509108169564
roll: -0.0390368499185
pitch: -0.0012375887376
yaw: -1.57193776289