cam_joint_pos:
x: -0.0388575144048
y: 1.49878887088
z: 0.0507028557792
roll: -0.0305401825389
pitch: -0.00091499316323
yaw: 3.13907421299