cam_joint_pos:
x: 0.618939687299
y: 2.99974943779
z: 0.0527721096963
roll: 0.00752350673807
pitch: -0.00173061019908
yaw: 0.000983622888813