cam_joint_pos:
x: -0.0307934055569
y: 1.49990579717
z: 0.0495744767207
roll: -0.00979581712032
pitch: 0.0382722487977
yaw: 3.1324391737