cam_joint_pos:
x: -0.819131863881
y: 3.00037737588
z: 0.0519774529644
roll: 0.0104971284705
pitch: -0.000185725057803
yaw: -3.14033348376