cam_joint_pos:
x: -0.00080331875429
y: 2.98967953187
z: 0.0511354960262
roll: 0.0161973226021
pitch: 0.0268379785075
yaw: -1.57075212189