cam_joint_pos:
x: -0.000259387406569
y: 3.01078095452
z: 0.0522597998312
roll: 0.00753686651277
pitch: 0.000514199399324
yaw: -1.5695084848