cam_joint_pos:
x: 0.000977392234686
y: 1.53059834551
z: 0.0500428327317
roll: 0.0211897255685
pitch: 0.0402368723493
yaw: 1.56830861165