cam_joint_pos:
x: 0.000243889070917
y: 1.48055797766
z: 0.051720233121
roll: -0.00445228736433
pitch: 0.000108200936964
yaw: -1.57323134254