cam_joint_pos:
x: -0.00172263433178
y: 3.0385789751
z: 0.0512745585801
roll: -0.0316436130372
pitch: -0.00359576532248
yaw: 1.57657202088