cam_joint_pos:
x: 0.00102025542398
y: 1.47051548706
z: 0.0512807501161
roll: -0.0215247068138
pitch: 0.000288652159362
yaw: -1.57278267202