cam_joint_pos:
x: -0.0387836780345
y: 2.99846909167
z: 0.0512647955937
roll: -0.0308531109367
pitch: -0.0034594326421
yaw: -3.13814212581