cam_joint_pos:
x: 0.00107092029408
y: 1.52134925372
z: 0.0495223990434
roll: 0.0246925696976
pitch: 0.0504847631026
yaw: 1.57055569882