cam_joint_pos:
x: -0.0389338791435
y: 2.97950462969
z: 0.0503817701407
roll: -0.00189732590401
pitch: 0.00124112298201
yaw: -3.13610964364