cam_joint_pos:
x: 0.00030638404716
y: 3.96900870886
z: 0.0526668881266
roll: 0.00872091698256
pitch: -0.000198447517544
yaw: 1.5713240558