cam_joint_pos:
x: -0.000166784868049
y: 3.03056821194
z: 0.049926407937
roll: -0.00975132434379
pitch: 0.0373579722794
yaw: 1.56241557766