cam_joint_pos:
x: -0.000574041944286
y: 3.00092183971
z: 0.0524308838768
roll: 0.00722002336918
pitch: 0.000191296195637
yaw: -1.57124077676