cam_joint_pos:
x: -0.010215491731
y: 3.00067613469
z: 0.0511209046894
roll: 0.0144565545081
pitch: 0.0268401876354
yaw: -3.14015236506