cam_joint_pos:
x: -0.0306665454607
y: 2.99985122507
z: 0.0498773185454
roll: -0.0100531907444
pitch: 0.0392000446635
yaw: 3.1300988586