cam_joint_pos:
x: -0.0213167178986
y: 3.00060771933
z: 0.0496925276212
roll: 0.0113312857019
pitch: 0.0503421966616
yaw: 3.13484028545