cam_joint_pos:
x: 0.000691485333895
y: 3.02117868618
z: 0.0498018521378
roll: 0.0126286685885
pitch: 0.0485978212545
yaw: 1.56436680181