cam_joint_pos:
x: -0.0214661147834
y: 1.50072261991
z: 0.0493304829116
roll: 0.0127621891703
pitch: 0.0496892495132
yaw: 3.13648233767