cam_joint_pos:
x: -0.0385434660977
y: 2.98835677997
z: 0.0507269459459
roll: -0.0222499960569
pitch: 0.000796135348989
yaw: -3.13262634934